-999946
-998931
-998856
-998557
-997923
-997521
-996842
-996637
-996352
-995640
-994154
-993881
-993666
-991670
-991578
-991577
-991446
-990416
-990399
-990232
-990175
-989654
-989651
-988755
-988150
-987256
-987097
-986025
-985846
-984987
-984570
-984506
-984064
-982996
-982270
-980664
-980607
-980363
-980288
-979714
-979114
-979033
-978991
-978758
-978662
-978209
-976691
-976383
-976030
-975764
-974792
-973867
-973408
-973013
-972932
-971258
-971195
-971159
-970959
-970257
-970107
-968935
-968373
-968286
-967914
-967778
-967682
-966979
-966383
-966316
-966014
-965495
-964677
-964073
-963734
-963537
-962849
-962454
-962410
-961770
-961603
-961582
-960983
-960755
-960394
-960351
-960281
-959727
-959094
-959076
-958994
-958969
-958695
-958531
-958404
-957692
-957125
-956135
-955241
-954052
-953572
-952259
-952183
-951879
-950903
-950620
-950420
-949407
-949346
-948486
-948193
-947941
-947918
-947857
-947577
-947488
-946911
-945854
-945293
-944735
-944632
-944561
-943807
-941787
-941717
-941197
-940934
-940362
-940188
-939889
-939522
-939496
-939211
-938784
-938185
-937697
-937570
-936901
-936839
-936640
-936179
-935701
-935144
-934793
-934429
-934000
-933692
-929626
-929518
-929461
-929300
-927752
-927556
-927266
-927253
-926553
-924999
-924902
-924558
-924370
-924083
-923646
-923629
-922650
-922100
-921526
-921086
-920215
-920179
-919488
-919451
-918938
-918631
-918387
-918032
-917914
-916432
-916192
-916183
-915357
-914504
-914471
-913525
-912061
-912042
-911684
-911545
-911409
-911204
-911183
-908742
-907757
-907630
-907217
-906830
-906452
-906331
-904617
-903803
-903783
-903747
-903098
-902871
-902695
-902537
-902486
-901859
-901709
-898904
-898881
-898777
-898408
-898359
-898035
-898033
-897505
-896514
-896277
-896150
-895838
-894372
-894144
-893305
-892399
-892299
-891981
-891690
-890772
-890648
-890225
-890147
-888601
-888303
-887446
-887121
-886266
-885811
-885108
-884988
-884157
-883250
-882552
-882106
-881084
-880492
-880148
-879980
-879588
-878948
-878288
-877449
-876842
-876640
-876341
-874452
-874363
-873878
-873243
-872816
-872808
-872587
-871475
-870744
-869860
-869709
-869667
-869150
-868799
-868246
-868191
-867946
-866096
-866080
-866068
-865942
-865810
-865681
-865381
-864570
-863897
-863523
-863160
-863004
-862986
-862493
-862431
-861365
-860989
-860603
-858588
-857569
-856326
-856277
-855867
-855308
-853050
-851344
-850622
-849846
-848922
-848181
-847936
-847785
-847528
-846575
-846473
-846309
-846098
-845976
-845931
-845397
-845369
-845333
-844247
-843872
-843680
-842885
-842777
-842566
-841737
-840523
-840481
-840332
-839786
-839200
-839192
-838963
-838636
-838520
-837979
-837626
-837525
-837244
-837195
-837188
-836750
-836296
-836287
-836141
-835119
-834823
-834816
-834774
-834515
-833754
-832527
-831757
-831359
-829962
-825742
-825565
-823982
-821172
-821137
-820888
-819959
-816521
-814932
-814539
-813875
-813036
-812904
-812215
-811059
-810648
-809905
-809624
-808970
-808644
-807852
-807699
-806285
-806167
-805143
-805001
-804707
-804531
-803590
-803520
-803492
-803005
-802175
-801906
-801682
-801202
-800370
-799460
-799109
-798841
-798752
-798386
-797804
-796552
-794045
-792882
-792771
-792422
-791358
-790893
-790194
-790145
-790034
-789972
-789778
-789738
-789718
-789262
-788378
-787329
-786493
-785712
-785595
-784682
-784281
-784090
-782818
-782031
-781196
-780513
-780403
-779689
-779398
-778935
-778871
-778791
-778399
-778038
-777536
-776289
-775919
-775599
-773181
-772969
-772648
-772048
-771446
-771139
-770496
-769828
-769303
-768802
-768462
-768034
-767997
-767479
-767100
-765918
-765536
-764789
-764724
-764532
-763483
-763316
-763211
-762686
-761520
-761182
-760864
-760009
-759933
-759801
-757989
-757712
-757580
-757416
-757132
-756563
-754454
-754202
-753879
-753560
-753340
-753029
-752681
-752360
-752269
-751287
-750696
-749234
-748617
-748008
-747267
-746331
-744482
-743936
-743550
-742321
-741293
-740737
-740567
-740128
-739794
-739666
-739608
-739085
-738925
-738922
-738151
-737949
-737851
-737737
-737369
-736874
-736851
-736242
-736164
-735738
-735373
-734997
-734901
-733873
-733471
-732730
-732340
-732165
-731857
-731439
-730822
-729479
-728149
-725817
-725275
-724992
-724700
-724457
-724049
-723575
-723103
-722663
-721997
-721372
-721370
-721236
-720591
-719103
-718797
-717491
-717051
-716966
-716918
-716589
-716574
-716523
-716049
-713798
-713072
-711792
-711556
-711464
-711171
-710300
-709797
-709656
-708695
-708405
-707507
-706939
-706813
-706542
-705466
-705270
-705233
-704466
-703536
-703099
-702862
-702767
-702673
-702066
-701855
-701793
-701010
-700844
-700812
-700362
-699893
-699812
-699804
-699525
-699256
-699204
-698862
-698715
-698424
-697834
-697796
-697624
-696876
-696723
-696700
-694853
-694208
-694041
-693946
-693081
-692775
-692302
-692191
-691991
-691465
-690613
-690096
-688675
-688503
-687883
-687030
-687024
-685929
-685454
-685025
-683416
-683047
-681663
-681408
-681383
-680915
-680449
-678570
-677736
-676379
-674744
-674199
-674085
-674007
-673948
-673207
-672336
-672256
-672026
-671540
-671128
-670843
-669695
-669404
-668695
-668243
-667712
-666822
-665676
-665106
-664445
-663596
-663120
-663118
-662942
-662831
-662335
-661830
-661730
-661513
-661405
-659695
-659178
-658387
-657934
-657577
-657237
-657236
-656728
-655805
-654971
-654870
-653898
-653379
-652770
-652445
-652403
-652296
-651931
-651606
-650983
-650680
-650462
-650394
-649854
-649363
-648813
-648005
-647699
-646945
-646111
-645860
-645154
-644733
-644330
-643585
-642797
-641441
-640061
-639777
-639569
-639314
-638873
-638311
-637964
-637389
-637050
-636922
-636674
-636187
-634828
-634384
-634196
-633756
-631646
-631558
-631023
-630866
-630275
-629458
-628915
-628660
-628314
-627216
-627120
-627023
-626731
-626278
-625948
-625914
-625208
-624911
-624630
-624527
-623866
-622690
-622567
-622203
-621322
-620982
-620835
-620813
-619714
-618713
-618480
-618269
-617001
-616353
-615257
-614858
-614479
-614280
-613945
-613895
-613809
-613130
-613104
-611927
-610747
-610355
-610008
-609677
-609225
-608353
-607822
-607716
-607529
-607418
-607371
-607272
-607059
-606858
-606166
-606036
-604756
-603787
-603180
-602927
-602156
-602120
-601386
-601338
-601288
-599351
-598645
-597879
-597320
-597202
-596152
-593709
-593629
-593254
-592754
-592179
-592144
-592042
-591205
-591081
-589560
-588879
-588638
-587685
-587557
-587367
-586963
-586434
-586337
-584947
-584728
-583548
-582612
-581930
-581916
-581756
-581486
-580613
-579893
-579734
-578336
-577912
-577218
-577214
-576661
-576100
-575136
-574666
-574520
-574459
-574407
-574259
-574138
-573202
-573033
-571853
-571314
-571285
-570735
-570038
-569932
-569909
-569305
-569282
-568559
-568302
-568187
-568007
-566177
-565963
-565572
-565263
-564678
-564611
-564150
-564118
-563745
-563158
-563142
-562975
-562685
-561651
-561481
-559705
-558820
-557655
-556509
-556478
-556224
-554939
-554791
-554555
-553780
-552302
-552062
-551998
-551966
-551361
-551103
-550553
-550541
-550465
-550389
-549965
-549763
-549404
-548608
-547415
-545641
-545351
-544982
-543180
-542699
-542681
-542397
-542223
-541784
-540972
-540421
-540182
-539491
-538947
-538746
-538562
-538462
-538217
-538028
-536521
-536477
-535194
-534978
-534887
-534360
-534212
-533503
-531253
-530881
-530760
-529856
-529748
-529565
-528960
-528862
-528220
-527954
-527942
-527894
-527728
-527699
-527584
-526715
-526611
-526273
-526119
-525407
-525115
-524847
-524318
-524034
-524016
-523611
-522884
-522537
-522109
-522071
-521918
-521243
-521118
-520809
-520365
-519942
-519622
-518902
-518564
-518466
-518159
-517713
-517426
-517283
-516696
-516521
-516400
-516216
-515384
-515348
-514730
-514642
-514325
-513504
-513392
-512370
-511871
-511781
-511559
-511281
-511200
-511033
-510958
-510747
-510492
-510487
-510380
-510295
-509932
-509115
-508627
-508127
-508028
-507982
-507896
-506906
-506407
-506400
-505077
-504286
-504150
-503843
-503797
-502295
-502270
-502016
-501784
-501768
-500813
-500249
-499652
-499284
-499126
-498973
-498203
-497361
-497001
-496912
-496519
-496232
-496145
-495826
-495441
-495255
-494997
-494593
-493712
-493182
-493140
-492950
-491695
-491323
-490844
-490822
-490202
-489051
-486215
-485999
-485414
-485000
-484608
-483293
-482982
-482353
-481661
-481519
-481325
-481198
-479700
-479231
-479183
-479175
-478539
-478034
-477748
-477715
-474558
-474306
-473857
-473854
-473272
-472932
-472540
-471480
-471290
-471084
-470287
-468698
-467832
-467138
-467134
-466278
-466209
-464410
-464227
-463924
-463242
-463101
-463031
-461466
-460683
-459881
-459335
-459079
-458792
-457412
-456579
-456167
-455844
-454603
-454290
-453449
-453366
-453031
-452567
-452387
-452008
-451748
-451268
-449670
-449092
-448777
-448426
-447413
-447165
-446093
-446010
-445887
-445791
-445475
-444905
-444027
-443020
-442257
-442241
-441502
-441139
-439977
-439943
-439763
-439552
-439434
-438423
-437619
-436372
-435566
-434383
-433885
-433651
-433374
-432980
-432876
-432595
-431773
-431670
-430929
-430348
-429698
-429570
-429502
-429259
-428187
-427411
-427387
-427146
-426813
-426370
-425419
-425012
-423527
-423286
-421972
-421718
-421390
-421234
-421064
-420735
-420447
-420434
-420285
-420094
-420050
-418521
-417678
-416578
-415743
-415477
-414748
-414743
-414402
-414332
-414201
-413229
-412516
-412419
-412270
-409270
-408894
-408239
-408235
-407112
-406489
-405467
-405429
-405417
-404377
-404159
-404087
-403583
-403328
-403018
-402877
-402830
-402433
-402310
-402099
-402066
-400917
-400893
-400340
-400201
-400176
-399587
-399341
-399066
-398824
-398034
-397557
-397080
-396716
-396703
-395928
-395171
-395089
-394385
-393453
-393092
-392989
-392889
-392497
-392307
-392092
-391832
-391439
-391320
-391139
-390892
-390561
-389891
-389781
-387966
-386164
-386141
-384823
-384607
-383572
-383387
-382100
-379885
-379180
-379037
-378073
-378049
-377808
-377152
-375653
-375276
-375195
-374888
-374667
-374451
-374248
-373934
-373589
-372894
-371536
-371454
-371413
-370083
-368610
-367415
-367165
-365304
-364897
-364723
-363996
-362912
-362650
-360392
-360162
-360019
-359275
-358801
-358695
-357614
-357345
-356985
-356907
-356230
-355940
-354808
-354602
-354579
-354146
-353535
-353295
-351931
-351453
-350808
-350541
-350490
-350099
-349948
-349763
-349384
-349309
-349090
-348342
-347978
-346997
-346262
-346105
-345964
-345555
-345515
-345070
-344987
-344711
-343755
-342675
-342476
-342386
-342140
-341617
-341207
-339924
-339416
-338706
-338390
-338093
-337545
-337472
-337428
-337314
-336463
-336293
-336011
-335576
-335453
-335097
-334759
-333954
-333358
-333314
-333285
-332159
-331043
-330812
-330706
-329951
-328884
-328731
-328199
-327614
-327293
-326878
-326765
-326110
-326038
-325838
-325331
-324196
-324063
-324042
-323974
-323952
-323861
-322209
-321571
-321366
-321359
-321117
-320420
-320390
-319095
-318971
-318851
-318312
-318192
-317461
-317358
-317207
-316457
-315695
-315616
-315122
-312451
-311890
-311205
-310728
-310427
-310327
-310154
-310110
-309770
-308762
-308329
-307831
-306636
-306570
-306255
-306106
-305652
-305600
-305567
-304953
-304507
-304103
-303895
-303440
-303376
-302481
-301959
-301529
-301459
-301418
-300991
-300942
-300672
-300557
-300360
-300106
-299264
-298907
-296781
-295900
-295808
-295788
-295353
-294952
-294922
-294827
-293873
-293326
-292011
-290968
-290819
-289607
-289522
-289507
-289469
-289404
-289388
-288766
-288070
-287286
-287014
-286865
-286111
-285616
-284877
-284564
-284215
-283142
-282881
-282863
-282801
-282512
-282163
-280208
-279998
-279691
-279685
-279239
-279126
-278689
-278219
-277697
-277555
-277429
-276880
-276180
-274781
-274740
-274479
-273824
-273333
-273053
-273038
-272612
-271310
-271186
-271053
-270489
-270377
-270334
-268957
-268766
-267729
-267684
-267400
-266244
-266178
-264869
-263432
-263414
-262502
-262315
-262212
-261952
-260823
-260299
-260270
-257386
-256881
-256800
-256656
-255897
-253861
-252469
-252393
-252061
-250398
-250311
-249741
-248911
-248443
-248225
-248089
-247005
-246678
-245906
-245759
-245559
-245092
-244442
-244371
-244368
-244100
-242157
-241319
-240998
-240975
-239316
-238959
-238825
-238751
-237205
-235786
-235526
-235273
-234969
-234499
-234413
-234113
-233908
-233450
-233247
-232839
-232584
-232410
-232299
-232036
-230179
-229745
-229676
-229332
-229236
-229152
-229095
-228989
-228251
-228165
-228053
-226651
-225912
-225850
-225317
-225067
-224918
-223427
-223272
-222893
-222052
-222005
-220949
-217905
-217881
-217861
-217740
-216882
-216652
-215984
-215980
-214201
-213873
-213688
-213415
-213100
-212118
-210233
-210145
-209914
-209819
-209807
-209434
-209027
-208308
-208039
-207680
-205534
-205185
-205051
-204940
-204650
-204526
-203554
-202448
-201722
-201683
-201509
-201505
-201193
-200478
-200125
-199566
-199506
-199379
-199305
-199295
-198274
-198197
-197943
-196869
-196261
-196234
-195892
-195653
-195605
-195234
-195213
-195003
-194620
-194311
-194193
-193233
-192754
-192455
-192083
-190493
-190462
-189832
-189740
-189657
-189601
-189393
-189217
-188901
-188635
-188374
-188203
-188148
-187978
-187967
-187135
-186671
-186666
-186539
-186204
-186177
-184874
-183448
-182660
-182548
-182286
-182116
-181954
-181527
-180187
-179648
-179355
-179131
-179084
-179074
-177982
-177047
-177044
-176987
-176945
-176298
-175912
-175858
-174730
-174432
-174083
-173296
-173225
-171126
-171071
-170802
-169879
-169747
-169314
-168739
-168294
-168288
-168028
-167384
-167243
-166869
-166812
-165017
-162442
-161894
-161732
-161530
-161387
-161002
-160637
-160583
-160089
-159478
-159266
-158263
-156896
-156802
-156654
-156604
-155711
-154644
-154230
-153509
-153353
-152058
-149064
-148699
-148401
-147800
-147743
-147219
-145733
-145685
-144370
-143893
-143824
-142507
-142349
-139658
-139464
-138418
-138386
-137087
-136720
-136112
-135800
-135484
-135470
-135390
-134815
-134708
-134608
-134044
-133791
-133662
-133496
-132809
-131894
-130361
-129473
-128618
-128586
-128310
-127091
-127012
-126198
-126187
-126051
-125902
-125845
-125414
-125269
-124594
-123861
-122728
-122407
-122213
-122015
-121909
-121088
-121079
-121058
-120932
-120918
-120911
-120189
-120085
-119185
-119127
-118092
-118005
-117737
-117473
-117332
-117293
-116906
-116822
-116791
-116261
-116034
-115853
-115790
-115701
-115644
-114700
-113918
-112904
-112763
-112239
-112050
-111765
-110960
-110935
-110774
-110413
-110127
-109767
-109405
-106314
-105790
-104655
-104610
-104421
-103431
-103356
-103102
-102838
-101032
-100954
-100084
-98221
-97295
-96623
-95899
-95789
-95088
-94887
-94529
-94224
-93953
-92976
-92825
-92673
-92605
-92572
-90961
-90675
-90517
-89726
-89402
-88706
-88276
-86766
-85906
-85655
-85326
-85261
-84551
-84534
-83897
-83868
-83601
-83424
-83424
-83370
-83279
-82616
-82443
-82354
-81085
-80771
-79359
-78326
-78094
-78020
-76514
-76244
-76113
-75525
-73844
-72322
-71497
-70607
-70173
-70033
-69034
-68091
-67810
-67271
-66933
-66323
-65702
-65573
-64863
-63010
-62428
-61130
-61125
-60360
-59989
-59932
-59195
-58567
-57331
-54650
-54251
-52474
-52331
-51955
-51860
-51759
-49346
-49103
-49102
-48136
-48072
-48038
-43918
-43477
-42819
-42790
-42490
-42109
-41661
-41334
-38571
-37759
-37724
-37002
-33887
-33635
-32527
-28486
-27448
-26427
-26280
-24696
-24551
-23333
-23212
-23188
-22794
-22578
-22401
-22292
-22130
-22095
-21969
-20519
-19222
-18015
-17474
-17302
-17156
-16911
-15121
-14753
-14409
-14335
-14059
-13898
-13697
-12215
-12145
-10726
-9996
-9826
-9473
-9095
-8680
-5336
-4954
-4690
-4682
-4498
-4477
-4400
-4317
-3664
-2855
-2814
-2587
-2359
-1953
-1850
-1597
-1137
-1118
-417
-49
312
519
1157
1467
2361
3662
3824
4368
4929
5406
5514
5691
5749
7159
7343
7465
7524
7815
7966
8190
8523
8720
10061
10248
10257
11219
11331
11973
12249
12411
12581
12710
14905
14909
14995
16252
16605
16829
17954
18537
18732
18983
19213
19409
19877
20633
20939
21343
21584
21809
22384
22619
22717
22807
23502
24345
24834
26587
27499
27582
27952
29173
29478
29602
29680
29700
29811
30022
30260
30322
31304
31903
32824
34634
35073
35316
36154
36917
37767
37940
37950
37968
38554
39008
39433
39686
40234
41394
41837
42470
42643
42966
43240
43574
43927
43938
44729
44802
44856
46910
47310
47397
48380
49117
49414
50606
50969
51343
52876
53816
53825
53899
53947
54581
54748
55264
55320
57377
57791
58371
58398
58400
58506
58690
58890
58921
59121
59202
60193
60651
60677
61005
61247
61453
61984
61999
62551
62749
63037
63670
64070
64451
64929
66033
66805
66981
67200
67336
67986
70237
70759
71789
72978
73990
73994
74962
75641
76297
77059
77164
77950
78178
78667
78899
78908
79141
79710
80235
80639
81468
81503
81973
82295
82343
83053
83128
83302
84323
85832
85852
85914
86700
86744
87385
87674
88307
88702
88799
88861
88909
89019
89314
90164
90383
90607
91225
91986
92422
92694
93093
93733
95020
95291
95504
95556
96489
96538
96566
98576
98639
99147
99683
100133
101548
101639
102392
102399
102868
103172
103421
103990
104440
104737
105055
105644
107116
107214
107824
108576
109726
109837
109965
110417
111142
112891
114055
114878
114936
115468
115773
115951
116585
116950
117038
117436
117465
117833
117874
117898
117963
117982
118165
119024
119144
119898
120262
120514
120527
120824
120981
121726
121805
122038
122617
122783
122792
122994
123234
123815
124019
125427
125693
125764
126102
126635
126871
127646
128434
129229
129873
130962
131784
132037
132125
132555
132830
133212
133504
135051
135171
135656
137095
137571
137623
138262
139342
140128
140765
141408
142079
142150
142724
143053
143483
143562
143823
144077
144906
144977
145149
145602
146224
146518
146571
146701
147580
147694
147790
148701
149143
149207
149934
149946
150595
150610
150940
151173
151480
151622
151708
152844
153048
154196
154895
155024
155043
155226
157155
157756
158248
158500
159179
160272
160523
160801
161481
161690
163289
163555
164050
164524
164590
165992
166124
166344
166530
166814
166869
166986
167111
167841
168585
168647
168653
168771
169080
169473
170125
170545
172813
172999
173312
173699
173937
174900
174944
175249
175292
175646
175878
176248
176264
176776
176864
177280
177347
177511
180194
181697
182593
183305
183420
184584
184609
184834
185961
186262
186489
187930
189025
189719
190290
190473
191089
192476
193095
193405
193500
194026
194308
194488
195286
195735
196001
196045
197315
197333
197413
198311
198623
199044
199403
200563
200720
200736
200869
202065
202425
203119
203296
203932
204854
204887
205087
205465
206028
206333
206562
206733
206933
208603
208942
209257
209275
209557
209724
209995
210952
211279
212556
212593
212712
213220
214065
214246
214629
214678
214709
214813
214860
214875
215322
215401
215521
215565
215924
216268
216571
217470
217509
217992
218633
219541
219890
220007
220745
220750
221095
221809
222049
222460
222925
223417
223640
224226
224974
225948
225959
226418
226689
227635
227800
227963
228292
229921
230315
230545
230688
230925
231380
232220
232725
232892
232904
233785
234922
235473
236230
236856
237138
237531
238065
238590
238619
239018
239073
239764
240055
240688
240926
241455
242372
242979
243075
243181
244067
244994
245574
245644
246053
246399
246526
246917
246939
247457
247838
248729
249323
250135
250753
250796
251189
252464
252894
253376
253611
253817
254335
255992
257122
258210
258386
258471
258991
259056
259900
260712
260755
261531
262082
262191
262413
262805
263676
264860
265052
265280
265520
265751
266456
266457
266565
266866
267074
268203
270472
270772
270991
271116
271138
271654
272197
272676
273090
274661
275538
276168
277270
278390
278487
278766
278840
279892
280516
280766
281259
281823
281965
282943
283566
283667
283751
285093
285245
285960
287031
287183
288771
289047
289324
289699
290554
293142
294264
294658
295141
295788
296406
296676
297964
298118
298169
298276
298442
298509
299765
300522
300784
300900
301574
302195
302740
303585
305038
305490
305643
305792
306428
306463
307337
307846
307905
308465
308568
309072
309711
309845
310599
310859
311094
311262
311887
312044
312608
312698
312733
314217
314342
314831
315531
316001
316740
316810
317202
317489
317543
319465
319557
319859
320381
320868
321118
321130
321175
323098
323408
323669
325391
325759
325828
326113
326742
326870
326887
328089
328475
328883
329362
329423
330133
331276
331465
332360
332918
333222
333248
333291
333348
335763
335958
336209
336537
338375
339703
340120
340312
340846
341036
341641
342882
343492
344089
345176
345239
345248
345477
346026
346356
346573
346719
346819
347105
347343
348849
349638
349675
350040
350582
350683
351394
351834
352431
352894
352904
353478
354213
354721
354799
354844
354895
355372
355524
355981
358169
358354
358396
358479
359354
359940
360014
360490
361087
361156
361500
361574
361581
362278
363952
364194
364532
364849
365560
365725
365901
365919
367868
368216
369292
369625
369778
370596
370691
370963
372260
372617
374717
374845
376454
377111
377202
377929
377968
378556
378790
379017
379130
379197
379376
380904
382565
382904
383197
383352
384466
384827
385046
385648
386373
387038
387168
387548
387627
387853
387915
387977
388200
388979
389735
389763
390268
390962
391970
392548
393011
393299
394008
394222
394792
395070
395155
395649
396086
396945
397521
397633
397742
398925
398944
400056
400715
400732
401153
401251
401476
401795
403478
403609
404134
404570
404685
406020
406246
406761
408466
408483
408604
408730
409176
409343
410573
410644
411031
411162
412345
412941
413726
413760
414046
414414
414614
415218
415697
416057
417040
417665
417859
417920
418943
418993
419488
419574
421820
421942
422709
422947
423671
425660
426247
426969
426971
427046
427176
427482
427764
428118
428688
428846
428963
430025
430260
430509
430648
431481
432279
432436
433437
433870
436032
436395
436853
437192
437400
438078
438720
438969
439343
441111
441181
441310
441532
441938
442238
443085
443886
444769
445185
445416
446571
447062
447768
447769
447800
448856
449177
451325
451377
451498
451618
451724
452989
454170
454858
455432
456034
456089
456421
456864
456952
457490
457556
458626
459395
460149
460718
461040
461775
462059
462414
463317
463343
464224
464321
464652
464860
465091
465913
466821
467514
467579
468984
469564
470123
470289
470538
471529
472946
473295
473596
473623
473648
473687
473982
474936
475061
475304
475342
475798
475945
476081
476325
477688
478190
478195
478266
479337
479512
479893
481005
481682
482207
483706
483912
485027
486097
486330
486389
486536
486602
487523
487755
487918
488208
488505
489497
489569
489699
490198
490647
491976
492038
492132
492496
492684
493699
494569
494614
495565
495601
496109
496377
496842
497183
497458
497746
498224
498456
499137
499278
499975
500247
500399
500412
501077
501327
501405
503075
503079
503399
503823
504273
504429
504816
504887
505334
505724
505730
506894
507462
508957
510909
510919
512058
512247
512915
513072
513130
513131
513165
514144
514740
514803
514890
515020
515335
515622
516306
516593
517160
518137
518216
518836
520156
521163
521173
521917
522573
523187
524116
524588
526200
526500
526998
527937
528434
529125
530231
530752
531206
531296
531482
531635
531668
531674
532649
533214
534734
534752
534962
535109
535459
535788
536047
537002
537728
538755
538838
538851
538924
539251
539432
539478
539867
540373
540762
541039
541246
541397
542100
542586
543236
543258
543406
543888
543960
544257
544565
545238
545421
546089
546095
546179
546986
547390
547876
548092
548223
548475
548700
550143
550178
550857
551572
551991
554618
555510
555668
555976
556115
556268
556657
557360
560025
560272
560600
560607
560827
561687
561793
561998
562428
562942
563121
563432
563785
564674
565278
565292
565551
565628
565781
566548
566678
567310
567967
568477
568739
569076
569499
569688
570022
570582
571027
571631
571872
572043
572212
572602
573469
573854
574020
574318
574499
574670
575159
575301
575313
575649
576605
576987
577099
577933
578095
578383
578556
578786
578831
579467
580077
580222
580308
580903
581761
583477
583784
584115
585348
586733
586809
587198
587341
587380
587383
587677
590530
590582
590873
591863
592937
593286
593764
594025
594455
595523
595559
596038
596119
596527
596838
598227
598381
598512
599880
599991
600350
600357
601352
601681
601993
602107
602198
602387
602634
603199
603890
605489
606016
606452
607100
607159
608024
608441
608862
608990
609453
609751
610001
610072
610559
611250
611255
611764
613226
613829
613967
614309
615043
615077
615776
620330
620877
621706
622213
622632
622826
623269
623437
623589
623732
624293
624945
625410
626238
626673
628978
629301
629670
630054
630179
630732
631447
631654
631983
632004
632108
632477
633166
634071
634139
634265
634701
635143
635220
635358
635427
635453
636082
636366
636873
637524
637713
638447
638985
639628
639700
640227
641438
642165
642368
642384
643318
643431
643764
643971
644045
645128
645360
645493
645531
646309
647833
649295
652080
652270
653032
653102
653254
653685
653794
653919
654181
654596
655078
655181
656144
656231
656477
657194
657905
658125
658482
659198
659414
660710
661084
661431
661830
662164
662498
662996
663221
664235
665214
666472
667385
667995
668159
668166
668504
669066
669254
670118
670140
671014
671180
672628
673324
673539
673577
673720
673854
673945
674313
674900
676580
676910
677296
677401
677423
678424
678646
679887
680582
680683
680830
681807
682764
683184
683542
683949
684948
684956
686161
686273
686481
686755
686919
688583
689391
689660
690675
690876
691064
691582
691717
691795
692476
692841
694552
695069
695529
695718
699341
699371
699514
700774
701749
702226
704699
705043
705444
706658
707059
707554
707946
709065
709282
709473
709537
710678
710731
710805
711213
712864
713217
713415
714135
714379
714702
715288
716136
716140
717419
717598
718266
718455
718929
718946
719518
719614
719681
722555
722722
723594
724342
724627
725361
725672
725783
726082
726805
726880
726989
727000
727179
727664
727719
728505
729068
729216
731135
731172
731490
732024
732394
732678
732866
732907
733147
733626
734355
735266
735327
735440
735474
735878
737683
737923
737978
738904
740311
740671
741264
742301
743141
744110
744526
745214
745396
745467
745611
746106
746243
746904
747247
748353
749228
749379
751211
751605
751677
751745
752244
752521
752790
752804
752847
753201
753452
754055
754372
754430
755450
755591
755612
756389
757000
757352
758158
758526
759106
759566
759829
760613
761780
762496
764402
764410
764478
765100
765186
766289
766493
766775
766920
768070
768192
770609
771280
771540
771602
772357
772415
773061
773863
774470
774609
774938
775770
775984
776648
776723
777577
777918
777962
778287
778995
779417
780022
781041
781099
782215
782659
782659
782976
783694
783863
784244
784850
786408
786487
786510
786744
786860
786898
787243
787913
788587
790520
790748
790864
790999
791535
792133
792333
793144
793693
794110
796041
797080
797867
798451
799890
800563
800886
801094
802117
802561
802576
802596
802770
802942
803792
803905
804072
804169
804984
805202
805354
807013
807678
807852
807923
808094
808707
809397
809448
809663
809903
810340
811197
811371
811398
812323
812543
813024
813314
813837
813908
814577
814918
815195
815439
816078
816501
817396
818048
818261
818365
818501
818780
819577
819596
820477
820590
820985
821210
821606
822034
822051
822130
822997
824717
824811
824898
825027
825712
826387
826761
827224
827860
830531
830736
830956
832010
833150
833250
833319
834319
834754
835051
835558
835695
836259
836511
836613
836924
837464
837535
838045
838902
839372
839845
839908
839971
840991
841729
843248
843352
844518
844873
844887
845433
845951
846875
846889
847067
848321
848613
848620
849366
849373
849688
850143
850268
850619
850888
851332
851421
851533
851617
851708
851723
856277
856530
857138
858064
858418
858921
858975
859784
859991
860542
861265
861703
861813
863108
863703
864546
864622
865526
866131
866241
866446
866621
866839
866992
867192
867888
867973
868064
868533
868814
869296
869494
870454
870642
870755
871420
871719
871726
871929
872387
872562
872819
872978
873796
874222
874298
874907
874915
874956
874979
875096
875394
876169
876616
876838
879008
879273
879538
879579
879672
880006
880572
880787
881615
881796
881933
882653
882980
883121
883251
883306
883390
883467
884852
885365
886741
888101
888306
888567
890717
892547
893776
894429
894835
895028
895360
895689
896185
896949
897398
898126
899317
899393
899518
901030
901703
901992
902122
902646
902966
902976
903225
903236
904676
904906
905192
905242
906256
906889
908252
908541
909176
910910
911360
912279
912328
913792
913843
914683
915210
916067
917134
917214
917343
917384
919114
919249
920119
920195
920238
923354
923721
924221
924695
925155
925562
926341
926364
927308
929317
930440
930535
930698
930703
930756
931425
931441
931601
931608
932161
932203
932476
933072
933097
933480
933861
934049
935175
936311
937163
937196
937350
937388
937419
938458
939065
939640
939962
940632
941331
941572
941861
942767
943425
943890
944539
944915
945062
945415
945722
946148
946270
947882
948098
948243
949483
949630
950327
950798
950979
952434
953679
953700
954228
954332
954992
955049
955313
955342
955363
957045
957084
957955
958052
958130
958535
958791
959963
960197
960347
961083
961751
961811
961995
963479
963862
964003
964952
965196
965731
967866
968026
968100
968424
968949
969111
969444
969452
969708
969737
969855
970808
971049
971120
971193
972682
973135
973161
973195
973426
973465
973649
974411
974807
975078
976255
976360
976466
976786
977055
977302
977339
977969
978053
978302
978775
979317
980333
982113
982592
983203
983215
983217
984018
984694
985289
985324
985340
985678
986199
986444
986817
987477
987625
989678
989697
989731
990140
990919
991307
993046
993280
993565
993706
994332
994395
995240
997744
997939
997991
998000
998176
998449
999255
999480
999890
