999890
999480
999255
998449
998176
998000
997991
997939
997744
995240
994395
994332
993706
993565
993280
993046
991307
990919
990140
989731
989697
989678
987625
987477
986817
986444
986199
985678
985340
985324
985289
984694
984018
983217
983215
983203
982592
982113
980333
979317
978775
978302
978053
977969
977339
977302
977055
976786
976466
976360
976255
975078
974807
974411
973649
973465
973426
973195
973161
973135
972682
971193
971120
971049
970808
969855
969737
969708
969452
969444
969111
968949
968424
968100
968026
967866
965731
965196
964952
964003
963862
963479
961995
961811
961751
961083
960347
960197
959963
958791
958535
958130
958052
957955
957084
957045
955363
955342
955313
955049
954992
954332
954228
953700
953679
952434
950979
950798
950327
949630
949483
948243
948098
947882
946270
946148
945722
945415
945062
944915
944539
943890
943425
942767
941861
941572
941331
940632
939962
939640
939065
938458
937419
937388
937350
937196
937163
936311
935175
934049
933861
933480
933097
933072
932476
932203
932161
931608
931601
931441
931425
930756
930703
930698
930535
930440
929317
927308
926364
926341
925562
925155
924695
924221
923721
923354
920238
920195
920119
919249
919114
917384
917343
917214
917134
916067
915210
914683
913843
913792
912328
912279
911360
910910
909176
908541
908252
906889
906256
905242
905192
904906
904676
903236
903225
902976
902966
902646
902122
901992
901703
901030
899518
899393
899317
898126
897398
896949
896185
895689
895360
895028
894835
894429
893776
892547
890717
888567
888306
888101
886741
885365
884852
883467
883390
883306
883251
883121
882980
882653
881933
881796
881615
880787
880572
880006
879672
879579
879538
879273
879008
876838
876616
876169
875394
875096
874979
874956
874915
874907
874298
874222
873796
872978
872819
872562
872387
871929
871726
871719
871420
870755
870642
870454
869494
869296
868814
868533
868064
867973
867888
867192
866992
866839
866621
866446
866241
866131
865526
864622
864546
863703
863108
861813
861703
861265
860542
859991
859784
858975
858921
858418
858064
857138
856530
856277
851723
851708
851617
851533
851421
851332
850888
850619
850268
850143
849688
849373
849366
848620
848613
848321
847067
846889
846875
845951
845433
844887
844873
844518
843352
843248
841729
840991
839971
839908
839845
839372
838902
838045
837535
837464
836924
836613
836511
836259
835695
835558
835051
834754
834319
833319
833250
833150
832010
830956
830736
830531
827860
827224
826761
826387
825712
825027
824898
824811
824717
822997
822130
822051
822034
821606
821210
820985
820590
820477
819596
819577
818780
818501
818365
818261
818048
817396
816501
816078
815439
815195
814918
814577
813908
813837
813314
813024
812543
812323
811398
811371
811197
810340
809903
809663
809448
809397
808707
808094
807923
807852
807678
807013
805354
805202
804984
804169
804072
803905
803792
802942
802770
802596
802576
802561
802117
801094
800886
800563
799890
798451
797867
797080
796041
794110
793693
793144
792333
792133
791535
790999
790864
790748
790520
788587
787913
787243
786898
786860
786744
786510
786487
786408
784850
784244
783863
783694
782976
782659
782659
782215
781099
781041
780022
779417
778995
778287
777962
777918
777577
776723
776648
775984
775770
774938
774609
774470
773863
773061
772415
772357
771602
771540
771280
770609
768192
768070
766920
766775
766493
766289
765186
765100
764478
764410
764402
762496
761780
760613
759829
759566
759106
758526
758158
757352
757000
756389
755612
755591
755450
754430
754372
754055
753452
753201
752847
752804
752790
752521
752244
751745
751677
751605
751211
749379
749228
748353
747247
746904
746243
746106
745611
745467
745396
745214
744526
744110
743141
742301
741264
740671
740311
738904
737978
737923
737683
735878
735474
735440
735327
735266
734355
733626
733147
732907
732866
732678
732394
732024
731490
731172
731135
729216
729068
728505
727719
727664
727179
727000
726989
726880
726805
726082
725783
725672
725361
724627
724342
723594
722722
722555
719681
719614
719518
718946
718929
718455
718266
717598
717419
716140
716136
715288
714702
714379
714135
713415
713217
712864
711213
710805
710731
710678
709537
709473
709282
709065
707946
707554
707059
706658
705444
705043
704699
702226
701749
700774
699514
699371
699341
695718
695529
695069
694552
692841
692476
691795
691717
691582
691064
690876
690675
689660
689391
688583
686919
686755
686481
686273
686161
684956
684948
683949
683542
683184
682764
681807
680830
680683
680582
679887
678646
678424
677423
677401
677296
676910
676580
674900
674313
673945
673854
673720
673577
673539
673324
672628
671180
671014
670140
670118
669254
669066
668504
668166
668159
667995
667385
666472
665214
664235
663221
662996
662498
662164
661830
661431
661084
660710
659414
659198
658482
658125
657905
657194
656477
656231
656144
655181
655078
654596
654181
653919
653794
653685
653254
653102
653032
652270
652080
649295
647833
646309
645531
645493
645360
645128
644045
643971
643764
643431
643318
642384
642368
642165
641438
640227
639700
639628
638985
638447
637713
637524
636873
636366
636082
635453
635427
635358
635220
635143
634701
634265
634139
634071
633166
632477
632108
632004
631983
631654
631447
630732
630179
630054
629670
629301
628978
626673
626238
625410
624945
624293
623732
623589
623437
623269
622826
622632
622213
621706
620877
620330
615776
615077
615043
614309
613967
613829
613226
611764
611255
611250
610559
610072
610001
609751
609453
608990
608862
608441
608024
607159
607100
606452
606016
605489
603890
603199
602634
602387
602198
602107
601993
601681
601352
600357
600350
599991
599880
598512
598381
598227
596838
596527
596119
596038
595559
595523
594455
594025
593764
593286
592937
591863
590873
590582
590530
587677
587383
587380
587341
587198
586809
586733
585348
584115
583784
583477
581761
580903
580308
580222
580077
579467
578831
578786
578556
578383
578095
577933
577099
576987
576605
575649
575313
575301
575159
574670
574499
574318
574020
573854
573469
572602
572212
572043
571872
571631
571027
570582
570022
569688
569499
569076
568739
568477
567967
567310
566678
566548
565781
565628
565551
565292
565278
564674
563785
563432
563121
562942
562428
561998
561793
561687
560827
560607
560600
560272
560025
557360
556657
556268
556115
555976
555668
555510
554618
551991
551572
550857
550178
550143
548700
548475
548223
548092
547876
547390
546986
546179
546095
546089
545421
545238
544565
544257
543960
543888
543406
543258
543236
542586
542100
541397
541246
541039
540762
540373
539867
539478
539432
539251
538924
538851
538838
538755
537728
537002
536047
535788
535459
535109
534962
534752
534734
533214
532649
531674
531668
531635
531482
531296
531206
530752
530231
529125
528434
527937
526998
526500
526200
524588
524116
523187
522573
521917
521173
521163
520156
518836
518216
518137
517160
516593
516306
515622
515335
515020
514890
514803
514740
514144
513165
513131
513130
513072
512915
512247
512058
510919
510909
508957
507462
506894
505730
505724
505334
504887
504816
504429
504273
503823
503399
503079
503075
501405
501327
501077
500412
500399
500247
499975
499278
499137
498456
498224
497746
497458
497183
496842
496377
496109
495601
495565
494614
494569
493699
492684
492496
492132
492038
491976
490647
490198
489699
489569
489497
488505
488208
487918
487755
487523
486602
486536
486389
486330
486097
485027
483912
483706
482207
481682
481005
479893
479512
479337
478266
478195
478190
477688
476325
476081
475945
475798
475342
475304
475061
474936
473982
473687
473648
473623
473596
473295
472946
471529
470538
470289
470123
469564
468984
467579
467514
466821
465913
465091
464860
464652
464321
464224
463343
463317
462414
462059
461775
461040
460718
460149
459395
458626
457556
457490
456952
456864
456421
456089
456034
455432
454858
454170
452989
451724
451618
451498
451377
451325
449177
448856
447800
447769
447768
447062
446571
445416
445185
444769
443886
443085
442238
441938
441532
441310
441181
441111
439343
438969
438720
438078
437400
437192
436853
436395
436032
433870
433437
432436
432279
431481
430648
430509
430260
430025
428963
428846
428688
428118
427764
427482
427176
427046
426971
426969
426247
425660
423671
422947
422709
421942
421820
419574
419488
418993
418943
417920
417859
417665
417040
416057
415697
415218
414614
414414
414046
413760
413726
412941
412345
411162
411031
410644
410573
409343
409176
408730
408604
408483
408466
406761
406246
406020
404685
404570
404134
403609
403478
401795
401476
401251
401153
400732
400715
400056
398944
398925
397742
397633
397521
396945
396086
395649
395155
395070
394792
394222
394008
393299
393011
392548
391970
390962
390268
389763
389735
388979
388200
387977
387915
387853
387627
387548
387168
387038
386373
385648
385046
384827
384466
383352
383197
382904
382565
380904
379376
379197
379130
379017
378790
378556
377968
377929
377202
377111
376454
374845
374717
372617
372260
370963
370691
370596
369778
369625
369292
368216
367868
365919
365901
365725
365560
364849
364532
364194
363952
362278
361581
361574
361500
361156
361087
360490
360014
359940
359354
358479
358396
358354
358169
355981
355524
355372
354895
354844
354799
354721
354213
353478
352904
352894
352431
351834
351394
350683
350582
350040
349675
349638
348849
347343
347105
346819
346719
346573
346356
346026
345477
345248
345239
345176
344089
343492
342882
341641
341036
340846
340312
340120
339703
338375
336537
336209
335958
335763
333348
333291
333248
333222
332918
332360
331465
331276
330133
329423
329362
328883
328475
328089
326887
326870
326742
326113
325828
325759
325391
323669
323408
323098
321175
321130
321118
320868
320381
319859
319557
319465
317543
317489
317202
316810
316740
316001
315531
314831
314342
314217
312733
312698
312608
312044
311887
311262
311094
310859
310599
309845
309711
309072
308568
308465
307905
307846
307337
306463
306428
305792
305643
305490
305038
303585
302740
302195
301574
300900
300784
300522
299765
298509
298442
298276
298169
298118
297964
296676
296406
295788
295141
294658
294264
293142
290554
289699
289324
289047
288771
287183
287031
285960
285245
285093
283751
283667
283566
282943
281965
281823
281259
280766
280516
279892
278840
278766
278487
278390
277270
276168
275538
274661
273090
272676
272197
271654
271138
271116
270991
270772
270472
268203
267074
266866
266565
266457
266456
265751
265520
265280
265052
264860
263676
262805
262413
262191
262082
261531
260755
260712
259900
259056
258991
258471
258386
258210
257122
255992
254335
253817
253611
253376
252894
252464
251189
250796
250753
250135
249323
248729
247838
247457
246939
246917
246526
246399
246053
245644
245574
244994
244067
243181
243075
242979
242372
241455
240926
240688
240055
239764
239073
239018
238619
238590
238065
237531
237138
236856
236230
235473
234922
233785
232904
232892
232725
232220
231380
230925
230688
230545
230315
229921
228292
227963
227800
227635
226689
226418
225959
225948
224974
224226
223640
223417
222925
222460
222049
221809
221095
220750
220745
220007
219890
219541
218633
217992
217509
217470
216571
216268
215924
215565
215521
215401
215322
214875
214860
214813
214709
214678
214629
214246
214065
213220
212712
212593
212556
211279
210952
209995
209724
209557
209275
209257
208942
208603
206933
206733
206562
206333
206028
205465
205087
204887
204854
203932
203296
203119
202425
202065
200869
200736
200720
200563
199403
199044
198623
198311
197413
197333
197315
196045
196001
195735
195286
194488
194308
194026
193500
193405
193095
192476
191089
190473
190290
189719
189025
187930
186489
186262
185961
184834
184609
184584
183420
183305
182593
181697
180194
177511
177347
177280
176864
176776
176264
176248
175878
175646
175292
175249
174944
174900
173937
173699
173312
172999
172813
170545
170125
169473
169080
168771
168653
168647
168585
167841
167111
166986
166869
166814
166530
166344
166124
165992
164590
164524
164050
163555
163289
161690
161481
160801
160523
160272
159179
158500
158248
157756
157155
155226
155043
155024
154895
154196
153048
152844
151708
151622
151480
151173
150940
150610
150595
149946
149934
149207
149143
148701
147790
147694
147580
146701
146571
146518
146224
145602
145149
144977
144906
144077
143823
143562
143483
143053
142724
142150
142079
141408
140765
140128
139342
138262
137623
137571
137095
135656
135171
135051
133504
133212
132830
132555
132125
132037
131784
130962
129873
129229
128434
127646
126871
126635
126102
125764
125693
125427
124019
123815
123234
122994
122792
122783
122617
122038
121805
121726
120981
120824
120527
120514
120262
119898
119144
119024
118165
117982
117963
117898
117874
117833
117465
117436
117038
116950
116585
115951
115773
115468
114936
114878
114055
112891
111142
110417
109965
109837
109726
108576
107824
107214
107116
105644
105055
104737
104440
103990
103421
103172
102868
102399
102392
101639
101548
100133
99683
99147
98639
98576
96566
96538
96489
95556
95504
95291
95020
93733
93093
92694
92422
91986
91225
90607
90383
90164
89314
89019
88909
88861
88799
88702
88307
87674
87385
86744
86700
85914
85852
85832
84323
83302
83128
83053
82343
82295
81973
81503
81468
80639
80235
79710
79141
78908
78899
78667
78178
77950
77164
77059
76297
75641
74962
73994
73990
72978
71789
70759
70237
67986
67336
67200
66981
66805
66033
64929
64451
64070
63670
63037
62749
62551
61999
61984
61453
61247
61005
60677
60651
60193
59202
59121
58921
58890
58690
58506
58400
58398
58371
57791
57377
55320
55264
54748
54581
53947
53899
53825
53816
52876
51343
50969
50606
49414
49117
48380
47397
47310
46910
44856
44802
44729
43938
43927
43574
43240
42966
42643
42470
41837
41394
40234
39686
39433
39008
38554
37968
37950
37940
37767
36917
36154
35316
35073
34634
32824
31903
31304
30322
30260
30022
29811
29700
29680
29602
29478
29173
27952
27582
27499
26587
24834
24345
23502
22807
22717
22619
22384
21809
21584
21343
20939
20633
19877
19409
19213
18983
18732
18537
17954
16829
16605
16252
14995
14909
14905
12710
12581
12411
12249
11973
11331
11219
10257
10248
10061
8720
8523
8190
7966
7815
7524
7465
7343
7159
5749
5691
5514
5406
4929
4368
3824
3662
2361
1467
1157
519
312
-49
-417
-1118
-1137
-1597
-1850
-1953
-2359
-2587
-2814
-2855
-3664
-4317
-4400
-4477
-4498
-4682
-4690
-4954
-5336
-8680
-9095
-9473
-9826
-9996
-10726
-12145
-12215
-13697
-13898
-14059
-14335
-14409
-14753
-15121
-16911
-17156
-17302
-17474
-18015
-19222
-20519
-21969
-22095
-22130
-22292
-22401
-22578
-22794
-23188
-23212
-23333
-24551
-24696
-26280
-26427
-27448
-28486
-32527
-33635
-33887
-37002
-37724
-37759
-38571
-41334
-41661
-42109
-42490
-42790
-42819
-43477
-43918
-48038
-48072
-48136
-49102
-49103
-49346
-51759
-51860
-51955
-52331
-52474
-54251
-54650
-57331
-58567
-59195
-59932
-59989
-60360
-61125
-61130
-62428
-63010
-64863
-65573
-65702
-66323
-66933
-67271
-67810
-68091
-69034
-70033
-70173
-70607
-71497
-72322
-73844
-75525
-76113
-76244
-76514
-78020
-78094
-78326
-79359
-80771
-81085
-82354
-82443
-82616
-83279
-83370
-83424
-83424
-83601
-83868
-83897
-84534
-84551
-85261
-85326
-85655
-85906
-86766
-88276
-88706
-89402
-89726
-90517
-90675
-90961
-92572
-92605
-92673
-92825
-92976
-93953
-94224
-94529
-94887
-95088
-95789
-95899
-96623
-97295
-98221
-100084
-100954
-101032
-102838
-103102
-103356
-103431
-104421
-104610
-104655
-105790
-106314
-109405
-109767
-110127
-110413
-110774
-110935
-110960
-111765
-112050
-112239
-112763
-112904
-113918
-114700
-115644
-115701
-115790
-115853
-116034
-116261
-116791
-116822
-116906
-117293
-117332
-117473
-117737
-118005
-118092
-119127
-119185
-120085
-120189
-120911
-120918
-120932
-121058
-121079
-121088
-121909
-122015
-122213
-122407
-122728
-123861
-124594
-125269
-125414
-125845
-125902
-126051
-126187
-126198
-127012
-127091
-128310
-128586
-128618
-129473
-130361
-131894
-132809
-133496
-133662
-133791
-134044
-134608
-134708
-134815
-135390
-135470
-135484
-135800
-136112
-136720
-137087
-138386
-138418
-139464
-139658
-142349
-142507
-143824
-143893
-144370
-145685
-145733
-147219
-147743
-147800
-148401
-148699
-149064
-152058
-153353
-153509
-154230
-154644
-155711
-156604
-156654
-156802
-156896
-158263
-159266
-159478
-160089
-160583
-160637
-161002
-161387
-161530
-161732
-161894
-162442
-165017
-166812
-166869
-167243
-167384
-168028
-168288
-168294
-168739
-169314
-169747
-169879
-170802
-171071
-171126
-173225
-173296
-174083
-174432
-174730
-175858
-175912
-176298
-176945
-176987
-177044
-177047
-177982
-179074
-179084
-179131
-179355
-179648
-180187
-181527
-181954
-182116
-182286
-182548
-182660
-183448
-184874
-186177
-186204
-186539
-186666
-186671
-187135
-187967
-187978
-188148
-188203
-188374
-188635
-188901
-189217
-189393
-189601
-189657
-189740
-189832
-190462
-190493
-192083
-192455
-192754
-193233
-194193
-194311
-194620
-195003
-195213
-195234
-195605
-195653
-195892
-196234
-196261
-196869
-197943
-198197
-198274
-199295
-199305
-199379
-199506
-199566
-200125
-200478
-201193
-201505
-201509
-201683
-201722
-202448
-203554
-204526
-204650
-204940
-205051
-205185
-205534
-207680
-208039
-208308
-209027
-209434
-209807
-209819
-209914
-210145
-210233
-212118
-213100
-213415
-213688
-213873
-214201
-215980
-215984
-216652
-216882
-217740
-217861
-217881
-217905
-220949
-222005
-222052
-222893
-223272
-223427
-224918
-225067
-225317
-225850
-225912
-226651
-228053
-228165
-228251
-228989
-229095
-229152
-229236
-229332
-229676
-229745
-230179
-232036
-232299
-232410
-232584
-232839
-233247
-233450
-233908
-234113
-234413
-234499
-234969
-235273
-235526
-235786
-237205
-238751
-238825
-238959
-239316
-240975
-240998
-241319
-242157
-244100
-244368
-244371
-244442
-245092
-245559
-245759
-245906
-246678
-247005
-248089
-248225
-248443
-248911
-249741
-250311
-250398
-252061
-252393
-252469
-253861
-255897
-256656
-256800
-256881
-257386
-260270
-260299
-260823
-261952
-262212
-262315
-262502
-263414
-263432
-264869
-266178
-266244
-267400
-267684
-267729
-268766
-268957
-270334
-270377
-270489
-271053
-271186
-271310
-272612
-273038
-273053
-273333
-273824
-274479
-274740
-274781
-276180
-276880
-277429
-277555
-277697
-278219
-278689
-279126
-279239
-279685
-279691
-279998
-280208
-282163
-282512
-282801
-282863
-282881
-283142
-284215
-284564
-284877
-285616
-286111
-286865
-287014
-287286
-288070
-288766
-289388
-289404
-289469
-289507
-289522
-289607
-290819
-290968
-292011
-293326
-293873
-294827
-294922
-294952
-295353
-295788
-295808
-295900
-296781
-298907
-299264
-300106
-300360
-300557
-300672
-300942
-300991
-301418
-301459
-301529
-301959
-302481
-303376
-303440
-303895
-304103
-304507
-304953
-305567
-305600
-305652
-306106
-306255
-306570
-306636
-307831
-308329
-308762
-309770
-310110
-310154
-310327
-310427
-310728
-311205
-311890
-312451
-315122
-315616
-315695
-316457
-317207
-317358
-317461
-318192
-318312
-318851
-318971
-319095
-320390
-320420
-321117
-321359
-321366
-321571
-322209
-323861
-323952
-323974
-324042
-324063
-324196
-325331
-325838
-326038
-326110
-326765
-326878
-327293
-327614
-328199
-328731
-328884
-329951
-330706
-330812
-331043
-332159
-333285
-333314
-333358
-333954
-334759
-335097
-335453
-335576
-336011
-336293
-336463
-337314
-337428
-337472
-337545
-338093
-338390
-338706
-339416
-339924
-341207
-341617
-342140
-342386
-342476
-342675
-343755
-344711
-344987
-345070
-345515
-345555
-345964
-346105
-346262
-346997
-347978
-348342
-349090
-349309
-349384
-349763
-349948
-350099
-350490
-350541
-350808
-351453
-351931
-353295
-353535
-354146
-354579
-354602
-354808
-355940
-356230
-356907
-356985
-357345
-357614
-358695
-358801
-359275
-360019
-360162
-360392
-362650
-362912
-363996
-364723
-364897
-365304
-367165
-367415
-368610
-370083
-371413
-371454
-371536
-372894
-373589
-373934
-374248
-374451
-374667
-374888
-375195
-375276
-375653
-377152
-377808
-378049
-378073
-379037
-379180
-379885
-382100
-383387
-383572
-384607
-384823
-386141
-386164
-387966
-389781
-389891
-390561
-390892
-391139
-391320
-391439
-391832
-392092
-392307
-392497
-392889
-392989
-393092
-393453
-394385
-395089
-395171
-395928
-396703
-396716
-397080
-397557
-398034
-398824
-399066
-399341
-399587
-400176
-400201
-400340
-400893
-400917
-402066
-402099
-402310
-402433
-402830
-402877
-403018
-403328
-403583
-404087
-404159
-404377
-405417
-405429
-405467
-406489
-407112
-408235
-408239
-408894
-409270
-412270
-412419
-412516
-413229
-414201
-414332
-414402
-414743
-414748
-415477
-415743
-416578
-417678
-418521
-420050
-420094
-420285
-420434
-420447
-420735
-421064
-421234
-421390
-421718
-421972
-423286
-423527
-425012
-425419
-426370
-426813
-427146
-427387
-427411
-428187
-429259
-429502
-429570
-429698
-430348
-430929
-431670
-431773
-432595
-432876
-432980
-433374
-433651
-433885
-434383
-435566
-436372
-437619
-438423
-439434
-439552
-439763
-439943
-439977
-441139
-441502
-442241
-442257
-443020
-444027
-444905
-445475
-445791
-445887
-446010
-446093
-447165
-447413
-448426
-448777
-449092
-449670
-451268
-451748
-452008
-452387
-452567
-453031
-453366
-453449
-454290
-454603
-455844
-456167
-456579
-457412
-458792
-459079
-459335
-459881
-460683
-461466
-463031
-463101
-463242
-463924
-464227
-464410
-466209
-466278
-467134
-467138
-467832
-468698
-470287
-471084
-471290
-471480
-472540
-472932
-473272
-473854
-473857
-474306
-474558
-477715
-477748
-478034
-478539
-479175
-479183
-479231
-479700
-481198
-481325
-481519
-481661
-482353
-482982
-483293
-484608
-485000
-485414
-485999
-486215
-489051
-490202
-490822
-490844
-491323
-491695
-492950
-493140
-493182
-493712
-494593
-494997
-495255
-495441
-495826
-496145
-496232
-496519
-496912
-497001
-497361
-498203
-498973
-499126
-499284
-499652
-500249
-500813
-501768
-501784
-502016
-502270
-502295
-503797
-503843
-504150
-504286
-505077
-506400
-506407
-506906
-507896
-507982
-508028
-508127
-508627
-509115
-509932
-510295
-510380
-510487
-510492
-510747
-510958
-511033
-511200
-511281
-511559
-511781
-511871
-512370
-513392
-513504
-514325
-514642
-514730
-515348
-515384
-516216
-516400
-516521
-516696
-517283
-517426
-517713
-518159
-518466
-518564
-518902
-519622
-519942
-520365
-520809
-521118
-521243
-521918
-522071
-522109
-522537
-522884
-523611
-524016
-524034
-524318
-524847
-525115
-525407
-526119
-526273
-526611
-526715
-527584
-527699
-527728
-527894
-527942
-527954
-528220
-528862
-528960
-529565
-529748
-529856
-530760
-530881
-531253
-533503
-534212
-534360
-534887
-534978
-535194
-536477
-536521
-538028
-538217
-538462
-538562
-538746
-538947
-539491
-540182
-540421
-540972
-541784
-542223
-542397
-542681
-542699
-543180
-544982
-545351
-545641
-547415
-548608
-549404
-549763
-549965
-550389
-550465
-550541
-550553
-551103
-551361
-551966
-551998
-552062
-552302
-553780
-554555
-554791
-554939
-556224
-556478
-556509
-557655
-558820
-559705
-561481
-561651
-562685
-562975
-563142
-563158
-563745
-564118
-564150
-564611
-564678
-565263
-565572
-565963
-566177
-568007
-568187
-568302
-568559
-569282
-569305
-569909
-569932
-570038
-570735
-571285
-571314
-571853
-573033
-573202
-574138
-574259
-574407
-574459
-574520
-574666
-575136
-576100
-576661
-577214
-577218
-577912
-578336
-579734
-579893
-580613
-581486
-581756
-581916
-581930
-582612
-583548
-584728
-584947
-586337
-586434
-586963
-587367
-587557
-587685
-588638
-588879
-589560
-591081
-591205
-592042
-592144
-592179
-592754
-593254
-593629
-593709
-596152
-597202
-597320
-597879
-598645
-599351
-601288
-601338
-601386
-602120
-602156
-602927
-603180
-603787
-604756
-606036
-606166
-606858
-607059
-607272
-607371
-607418
-607529
-607716
-607822
-608353
-609225
-609677
-610008
-610355
-610747
-611927
-613104
-613130
-613809
-613895
-613945
-614280
-614479
-614858
-615257
-616353
-617001
-618269
-618480
-618713
-619714
-620813
-620835
-620982
-621322
-622203
-622567
-622690
-623866
-624527
-624630
-624911
-625208
-625914
-625948
-626278
-626731
-627023
-627120
-627216
-628314
-628660
-628915
-629458
-630275
-630866
-631023
-631558
-631646
-633756
-634196
-634384
-634828
-636187
-636674
-636922
-637050
-637389
-637964
-638311
-638873
-639314
-639569
-639777
-640061
-641441
-642797
-643585
-644330
-644733
-645154
-645860
-646111
-646945
-647699
-648005
-648813
-649363
-649854
-650394
-650462
-650680
-650983
-651606
-651931
-652296
-652403
-652445
-652770
-653379
-653898
-654870
-654971
-655805
-656728
-657236
-657237
-657577
-657934
-658387
-659178
-659695
-661405
-661513
-661730
-661830
-662335
-662831
-662942
-663118
-663120
-663596
-664445
-665106
-665676
-666822
-667712
-668243
-668695
-669404
-669695
-670843
-671128
-671540
-672026
-672256
-672336
-673207
-673948
-674007
-674085
-674199
-674744
-676379
-677736
-678570
-680449
-680915
-681383
-681408
-681663
-683047
-683416
-685025
-685454
-685929
-687024
-687030
-687883
-688503
-688675
-690096
-690613
-691465
-691991
-692191
-692302
-692775
-693081
-693946
-694041
-694208
-694853
-696700
-696723
-696876
-697624
-697796
-697834
-698424
-698715
-698862
-699204
-699256
-699525
-699804
-699812
-699893
-700362
-700812
-700844
-701010
-701793
-701855
-702066
-702673
-702767
-702862
-703099
-703536
-704466
-705233
-705270
-705466
-706542
-706813
-706939
-707507
-708405
-708695
-709656
-709797
-710300
-711171
-711464
-711556
-711792
-713072
-713798
-716049
-716523
-716574
-716589
-716918
-716966
-717051
-717491
-718797
-719103
-720591
-721236
-721370
-721372
-721997
-722663
-723103
-723575
-724049
-724457
-724700
-724992
-725275
-725817
-728149
-729479
-730822
-731439
-731857
-732165
-732340
-732730
-733471
-733873
-734901
-734997
-735373
-735738
-736164
-736242
-736851
-736874
-737369
-737737
-737851
-737949
-738151
-738922
-738925
-739085
-739608
-739666
-739794
-740128
-740567
-740737
-741293
-742321
-743550
-743936
-744482
-746331
-747267
-748008
-748617
-749234
-750696
-751287
-752269
-752360
-752681
-753029
-753340
-753560
-753879
-754202
-754454
-756563
-757132
-757416
-757580
-757712
-757989
-759801
-759933
-760009
-760864
-761182
-761520
-762686
-763211
-763316
-763483
-764532
-764724
-764789
-765536
-765918
-767100
-767479
-767997
-768034
-768462
-768802
-769303
-769828
-770496
-771139
-771446
-772048
-772648
-772969
-773181
-775599
-775919
-776289
-777536
-778038
-778399
-778791
-778871
-778935
-779398
-779689
-780403
-780513
-781196
-782031
-782818
-784090
-784281
-784682
-785595
-785712
-786493
-787329
-788378
-789262
-789718
-789738
-789778
-789972
-790034
-790145
-790194
-790893
-791358
-792422
-792771
-792882
-794045
-796552
-797804
-798386
-798752
-798841
-799109
-799460
-800370
-801202
-801682
-801906
-802175
-803005
-803492
-803520
-803590
-804531
-804707
-805001
-805143
-806167
-806285
-807699
-807852
-808644
-808970
-809624
-809905
-810648
-811059
-812215
-812904
-813036
-813875
-814539
-814932
-816521
-819959
-820888
-821137
-821172
-823982
-825565
-825742
-829962
-831359
-831757
-832527
-833754
-834515
-834774
-834816
-834823
-835119
-836141
-836287
-836296
-836750
-837188
-837195
-837244
-837525
-837626
-837979
-838520
-838636
-838963
-839192
-839200
-839786
-840332
-840481
-840523
-841737
-842566
-842777
-842885
-843680
-843872
-844247
-845333
-845369
-845397
-845931
-845976
-846098
-846309
-846473
-846575
-847528
-847785
-847936
-848181
-848922
-849846
-850622
-851344
-853050
-855308
-855867
-856277
-856326
-857569
-858588
-860603
-860989
-861365
-862431
-862493
-862986
-863004
-863160
-863523
-863897
-864570
-865381
-865681
-865810
-865942
-866068
-866080
-866096
-867946
-868191
-868246
-868799
-869150
-869667
-869709
-869860
-870744
-871475
-872587
-872808
-872816
-873243
-873878
-874363
-874452
-876341
-876640
-876842
-877449
-878288
-878948
-879588
-879980
-880148
-880492
-881084
-882106
-882552
-883250
-884157
-884988
-885108
-885811
-886266
-887121
-887446
-888303
-888601
-890147
-890225
-890648
-890772
-891690
-891981
-892299
-892399
-893305
-894144
-894372
-895838
-896150
-896277
-896514
-897505
-898033
-898035
-898359
-898408
-898777
-898881
-898904
-901709
-901859
-902486
-902537
-902695
-902871
-903098
-903747
-903783
-903803
-904617
-906331
-906452
-906830
-907217
-907630
-907757
-908742
-911183
-911204
-911409
-911545
-911684
-912042
-912061
-913525
-914471
-914504
-915357
-916183
-916192
-916432
-917914
-918032
-918387
-918631
-918938
-919451
-919488
-920179
-920215
-921086
-921526
-922100
-922650
-923629
-923646
-924083
-924370
-924558
-924902
-924999
-926553
-927253
-927266
-927556
-927752
-929300
-929461
-929518
-929626
-933692
-934000
-934429
-934793
-935144
-935701
-936179
-936640
-936839
-936901
-937570
-937697
-938185
-938784
-939211
-939496
-939522
-939889
-940188
-940362
-940934
-941197
-941717
-941787
-943807
-944561
-944632
-944735
-945293
-945854
-946911
-947488
-947577
-947857
-947918
-947941
-948193
-948486
-949346
-949407
-950420
-950620
-950903
-951879
-952183
-952259
-953572
-954052
-955241
-956135
-957125
-957692
-958404
-958531
-958695
-958969
-958994
-959076
-959094
-959727
-960281
-960351
-960394
-960755
-960983
-961582
-961603
-961770
-962410
-962454
-962849
-963537
-963734
-964073
-964677
-965495
-966014
-966316
-966383
-966979
-967682
-967778
-967914
-968286
-968373
-968935
-970107
-970257
-970959
-971159
-971195
-971258
-972932
-973013
-973408
-973867
-974792
-975764
-976030
-976383
-976691
-978209
-978662
-978758
-978991
-979033
-979114
-979714
-980288
-980363
-980607
-980664
-982270
-982996
-984064
-984506
-984570
-984987
-985846
-986025
-987097
-987256
-988150
-988755
-989651
-989654
-990175
-990232
-990399
-990416
-991446
-991577
-991578
-991670
-993666
-993881
-994154
-995640
-996352
-996637
-996842
-997521
-997923
-998557
-998856
-998931
-999946
